zeros:
  meca_axis_1_joint: -0.005253436611111111
  meca_axis_2_joint: -0.0030717768888888887
  meca_axis_3_joint: -0.027750711666666664
  meca_axis_4_joint: 0.013718276333333333
  meca_axis_5_joint: 1.1918668861666666
  meca_axis_6_joint: -0.029949824666666666



